34 49
21 52
62 51
49 31
39 37
33 31
42 31
20 63
35 37
39 58
21 28
42 68
36 23
52 58
22 67
69 31
64 50
55 28
56 23
50 27
13 65
11 41
22 30
27 34
42 39
31 44
25 34
69 53
18 23
37 36
20 52
37 56
33 45
65 58
68 55
66 47
49 61
39 42
11 68
57 23
50 38
35 30
34 37
39 48
41 62
48 24
33 23
13 20
21 68
50 24
27 24
18 26
34 20
61 53
39 53
14 63
43 63
59 58
34 70
30 49
50 56
59 58
13 43
54 54
48 42
55 65
10 46
49 66
49 68
20 41
60 21
24 31
31 23
49 36
68 26
10 48
65 45
10 36
40 51
59 40
114 37
156 97
141 49
142 19
154 94
100 42
108 31
151 99
108 12
129 71
125 111
160 83
116 32
100 36
120 29
121 93
141 88
132 43
117 124
129 33
158 133
131 45
123 117
160 14
153 128
124 48
142 90
102 32
100 53
122 126
134 136
132 78
151 55
133 147
122 24
131 52
156 83
127 128
119 123
137 102
135 117
148 97
109 115
129 19
113 97
107 44
122 57
127 42
137 119
126 58
146 108
152 105
134 42
121 133
137 136
142 139
147 82
142 66
113 139
120 41
108 33
128 27
140 62
145 120
159 21
159 50
131 25
101 99
101 52
124 24
109 102
143 108
128 63
122 37
143 43
108 86
122 125
114 43
147 131
124 125
88 97
100 74
92 93
89 80
88 84
99 71
94 96
86 94
94 83
88 88
96 83
86 95
78 89
79 81
78 72
79 94
92 72
100 72
73 87
79 78
79 72
78 74
84 97
93 95
99 90
80 77
92 87
89 79
90 95
79 72
95 92
84 72
80 84
81 73
92 80
92 96
85 99
86 97
72 87
100 82
